V1	V2	V3	V4	V5	V6	V7	V8	V9	V10
1	-0.212489873417722	-0.240060294117647	-0.11216862745098	-0.279905263157895	-0.133496296296296	-0.305588372093023	-0.168597368421053	-0.403312820512821	-0.354079411764706	-0.285638888888889
2	-0.193327848101266	-0.313788235294118	-0.102788235294118	-0.211336842105263	-0.192077777777778	-0.257595348837209	-0.175676315789474	-0.396835897435897	-0.337294117647059	-0.393777777777778
3	-0.168449367088608	-0.282901470588235	-0.139733333333333	-0.350226315789474	-0.0740074074074074	-0.342486046511628	-0.0770157894736842	-0.397751282051282	-0.406882352941176	-0.347861111111111
4	-0.206606329113924	-0.286397058823529	-0.121852941176471	-0.0878315789473684	-0.161051851851852	-0.380923255813953	-0.06695	-0.381230769230769	-0.400229411764706	-0.324377777777778
5	-0.173025316455696	-0.169686764705882	-0.106029411764706	-0.0951210526315789	-0.129862962962963	-0.407276744186047	-0.0683684210526316	-0.384853846153846	-0.356232352941176	-0.267855555555556
6	-0.205873417721519	-0.217369117647059	-0.0388294117647059	-0.193342105263158	-0.0794481481481481	-0.320148837209302	-0.0686078947368421	-0.372884615384615	-0.346226470588235	-0.181416666666667
7	-0.146487341772152	-0.223783823529412	-0.148713725490196	-0.270131578947368	-0.0734888888888889	-0.311981395348837	-0.153228947368421	-0.426266666666667	-0.372620588235294	-0.247855555555556
8	-0.156775949367089	-0.244219117647059	-0.136349019607843	-0.0706157894736842	-0.0974592592592593	-0.357983720930233	-0.136168421052632	-0.422417948717949	-0.348723529411765	-0.252538888888889
9	-0.192884810126582	-0.295683823529412	-0.115945098039216	-0.140584210526316	-0.0958851851851852	-0.291874418604651	-0.0774973684210526	-0.487328205128205	-0.366620588235294	-0.266383333333333
10	-0.194763291139241	-0.314502941176471	-0.0889039215686274	-0.0863421052631579	-0.23107037037037	-0.288323255813954	-0.236623684210526	-0.461448717948718	-0.390785294117647	-0.301
11	-0.186574683544304	-0.303988235294118	-0.0746490196078431	-0.1943	-0.0375814814814815	-0.295860465116279	-0.126692105263158	-0.453110256410256	-0.316279411764706	-0.263166666666667
12	-0.148482278481013	-0.393342647058824	-0.0316843137254902	-0.176563157894737	-0.127918518518519	-0.416062790697674	-0.256613157894737	-0.366974358974359	-0.343752941176471	-0.237522222222222
13	-0.172327848101266	-0.246558823529412	-0.113098039215686	-0.0209052631578947	-0.177048148148148	-0.354074418604651	-0.0376684210526316	-0.495364102564103	-0.388482352941177	-0.298255555555556
14	-0.157143037974684	-0.348085294117647	-0.102986274509804	-0.213052631578947	-0.0148037037037037	-0.28356976744186	-0.204923684210526	-0.416084615384615	-0.352444117647059	-0.271283333333333
15	-0.118641772151899	-0.282986764705882	-0.0931470588235294	-0.204826315789474	-0.0608481481481481	-0.276055813953488	-0.153081578947368	-0.545423076923077	-0.341888235294118	-0.285277777777778
16	-0.204794936708861	-0.210552941176471	-0.182362745098039	-0.158047368421053	-0.107451851851852	-0.3536	-0.241084210526316	-0.44895641025641	-0.380744117647059	-0.3092
17	-0.19363417721519	-0.364157352941176	-0.0979588235294118	-0.138784210526316	-0.0559407407407407	-0.30353488372093	-0.174471052631579	-0.31034358974359	-0.370879411764706	-0.349988888888889
18	-0.167660759493671	-0.224576470588235	-0.149001960784314	-0.284078947368421	-0.0809185185185185	-0.292751162790698	-0.0985131578947368	-0.420825641025641	-0.367238235294118	-0.241938888888889
19	-0.132382278481013	-0.292791176470588	-0.145613725490196	-0.193673684210526	0.00905925925925927	-0.295339534883721	-0.109047368421053	-0.4236	-0.380432352941176	-0.334355555555556
20	-0.0838113924050633	-0.279797058823529	-0.0772862745098039	-0.111005263157895	-0.0760407407407407	-0.3188	-0.0409394736842105	-0.48474358974359	-0.335194117647059	-0.342411111111111
21	-0.179562025316456	-0.272664705882353	-0.0810058823529412	-0.202415789473684	-0.0992444444444444	-0.394420930232558	-0.140786842105263	-0.411517948717949	-0.337473529411765	-0.279466666666667
22	-0.218512658227848	-0.144610294117647	-0.0784274509803922	-0.259889473684211	-0.035337037037037	-0.283402325581395	-0.124857894736842	-0.298230769230769	-0.400288235294118	-0.318461111111111
23	-0.182740506329114	-0.307308823529412	-0.135629411764706	-0.212010526315789	-0.165603703703704	-0.35793488372093	-0.141147368421053	-0.422774358974359	-0.3755	-0.156233333333333
24	-0.118426582278481	-0.320169117647059	-0.128256862745098	-0.179878947368421	-0.0692703703703704	-0.349176744186046	-0.191234210526316	-0.410010256410256	-0.339729411764706	-0.36325
25	-0.141753164556962	-0.254820588235294	-0.0848666666666667	-0.144810526315789	-0.0490185185185185	-0.397423255813953	-0.173534210526316	-0.378830769230769	-0.38915	-0.345822222222222
26	-0.143572151898734	-0.191011764705882	-0.102554901960784	-0.172621052631579	-0.266277777777778	-0.2786	-0.229742105263158	-0.497479487179487	-0.393323529411765	-0.291061111111111
27	-0.135407594936709	-0.385619117647059	-0.108896078431373	-0.110015789473684	-0.123448148148148	-0.310451162790698	-0.207868421052632	-0.400341025641026	-0.396455882352941	-0.285344444444444
28	-0.171589873417722	-0.187489705882353	-0.125264705882353	-0.136663157894737	-0.0202481481481482	-0.359518604651163	-0.205560526315789	-0.3922	-0.379314705882353	-0.304183333333333
29	-0.152821518987342	-0.213516176470588	-0.136682352941176	-0.122468421052632	-0.19767037037037	-0.381451162790698	-0.16095	-0.440958974358974	-0.369026470588235	-0.378427777777778
30	-0.199467088607595	-0.211075	-0.136990196078431	-0.0841842105263158	-0.1035	-0.315306976744186	-0.0939236842105263	-0.447028205128205	-0.343894117647059	-0.301161111111111
31	-0.25693417721519	-0.220347058823529	-0.0634156862745098	-0.128673684210526	-0.0866074074074074	-0.361709302325581	-0.157231578947368	-0.400720512820513	-0.424947058823529	-0.349877777777778
32	-0.14280253164557	-0.317117647058824	-0.106056862745098	-0.142336842105263	-0.199059259259259	-0.320186046511628	-0.2287	-0.4651	-0.380664705882353	-0.311894444444444
33	-0.195351898734177	-0.24525	-0.177088235294118	-0.0559789473684211	-0.0591333333333333	-0.340437209302326	-0.166718421052632	-0.409869230769231	-0.355279411764706	-0.313655555555556
34	-0.191226582278481	-0.234547058823529	-0.164717647058824	-0.260494736842105	-0.112911111111111	-0.298858139534884	-0.274507894736842	-0.444838461538462	-0.400735294117647	-0.351305555555556
35	-0.118060759493671	-0.211047058823529	-0.129752941176471	-0.194894736842105	-0.119762962962963	-0.33666511627907	-0.278181578947368	-0.45145641025641	-0.343344117647059	-0.266061111111111
36	-0.21626835443038	-0.250808823529412	-0.059343137254902	-0.277394736842105	-0.2207	-0.325053488372093	-0.119168421052632	-0.382407692307692	-0.404517647058824	-0.298755555555556
37	-0.287098734177215	-0.243735294117647	-0.0646	-0.217273684210526	-0.0920925925925926	-0.268923255813953	-0.169376315789474	-0.385489743589744	-0.366164705882353	-0.259738888888889
38	-0.0729569620253165	-0.319222058823529	-0.0528392156862745	-0.145136842105263	-0.169318518518519	-0.342611627906977	-0.176897368421053	-0.46074358974359	-0.364441176470588	-0.256933333333333
39	-0.170994936708861	-0.203982352941176	-0.0778490196078431	-0.139747368421053	-0.0715777777777778	-0.388786046511628	-0.185860526315789	-0.368561538461538	-0.349008823529412	-0.246083333333333
40	-0.195910126582278	-0.264416176470588	-0.0891196078431373	-0.222542105263158	-0.145603703703704	-0.340146511627907	-0.147155263157895	-0.445615384615385	-0.370461764705882	-0.371194444444444
41	-0.140691139240506	-0.208992647058824	-0.105652941176471	-0.256742105263158	-0.0423074074074074	-0.297779069767442	-0.237936842105263	-0.452802564102564	-0.363588235294118	-0.122816666666667
42	-0.200158227848101	-0.249308823529412	-0.101809803921569	-0.290184210526316	-0.153481481481481	-0.427955813953488	-0.14085	-0.407433333333333	-0.348473529411765	-0.282138888888889
43	-0.18969746835443	-0.314247058823529	-0.0576039215686275	-0.150557894736842	-0.113311111111111	-0.410686046511628	-0.135355263157895	-0.471592307692308	-0.352988235294118	-0.320766666666667
44	-0.218717721518987	-0.216608823529412	-0.0994705882352941	-0.192010526315789	-0.0841592592592593	-0.45193488372093	-0.197921052631579	-0.444638461538462	-0.390626470588235	-0.305111111111111
45	-0.138758227848101	-0.178382352941176	-0.0917862745098039	-0.214231578947368	-0.174403703703704	-0.298932558139535	-0.161921052631579	-0.453153846153846	-0.400620588235294	-0.195638888888889
46	-0.229678481012658	-0.307539705882353	-0.0718098039215686	-0.341015789473684	-0.135111111111111	-0.262081395348837	-0.0749131578947368	-0.425441025641026	-0.389811764705882	-0.260533333333333
47	-0.191844303797468	-0.221047058823529	-0.0205039215686275	-0.176589473684211	0.0153555555555556	-0.318190697674419	-0.150210526315789	-0.332510256410256	-0.360829411764706	-0.388988888888889
48	-0.114489873417722	-0.286576470588235	-0.124233333333333	-0.246205263157895	-0.152296296296296	-0.326327906976744	-0.158894736842105	-0.442933333333333	-0.354973529411765	-0.355061111111111
49	-0.207475949367089	-0.246526470588235	-0.125874509803922	-0.227805263157895	-0.168192592592593	-0.337567441860465	-0.207089473684211	-0.503315384615385	-0.370094117647059	-0.302427777777778
50	-0.111306329113924	-0.303345588235294	-0.132576470588235	-0.170415789473684	-0.111851851851852	-0.36533023255814	-0.205021052631579	-0.432879487179487	-0.379138235294118	-0.341827777777778
51	-0.306788607594937	-0.288369117647059	-0.140788235294118	-0.148342105263158	-0.052937037037037	-0.293541860465116	-0.147694736842105	-0.304971794871795	-0.423017647058824	-0.214055555555556
52	-0.207513924050633	-0.263639705882353	-0.106523529411765	-0.208652631578947	-0.221448148148148	-0.371839534883721	-0.148297368421053	-0.337020512820513	-0.353020588235294	-0.185038888888889
53	-0.164143037974684	-0.275788235294118	-0.0518	-0.164363157894737	-0.173362962962963	-0.399823255813954	-0.152355263157895	-0.490158974358974	-0.374102941176471	-0.3356
54	-0.227489873417722	-0.240942647058824	-0.114409803921569	-0.325184210526316	-0.154481481481481	-0.369425581395349	-0.229055263157895	-0.416741025641026	-0.378897058823529	-0.256894444444444
55	-0.148605063291139	-0.279936764705882	-0.0642156862745098	-0.205784210526316	-0.13227037037037	-0.344753488372093	-0.229563157894737	-0.485935897435897	-0.359955882352941	-0.37345
56	-0.213159493670886	-0.195986764705882	-0.0886705882352941	-0.00924210526315788	-0.167759259259259	-0.290351162790698	-0.227392105263158	-0.352887179487179	-0.385882352941176	-0.319555555555556
57	-0.199074683544304	-0.191889705882353	-0.0713470588235294	-0.153605263157895	-0.122348148148148	-0.411541860465116	-0.164294736842105	-0.4085	-0.359955882352941	-0.237977777777778
58	-0.190278481012658	-0.239630882352941	-0.0918588235294118	-0.139405263157895	-0.162525925925926	-0.317255813953488	-0.182639473684211	-0.541082051282051	-0.404585294117647	-0.320577777777778
59	-0.251536708860759	-0.301311764705882	-0.0860647058823529	-0.127947368421053	-0.0420185185185185	-0.367088372093023	-0.142739473684211	-0.462364102564103	-0.401435294117647	-0.300427777777778
60	-0.14376582278481	-0.282154411764706	-0.151539215686275	-0.162963157894737	-0.133896296296296	-0.312548837209302	-0.107610526315789	-0.451320512820513	-0.358097058823529	-0.339772222222222
61	-0.149162025316456	-0.31625	-0.0564588235294118	-0.227389473684211	-0.0697851851851852	-0.291997674418605	-0.261247368421053	-0.434117948717949	-0.382911764705882	-0.224144444444444
62	-0.180786075949367	-0.257986764705882	-0.0728647058823529	-0.295657894736842	-0.124525925925926	-0.352332558139535	-0.231960526315789	-0.411764102564103	-0.397197058823529	-0.333844444444444
63	-0.172037974683544	-0.237176470588235	-0.130882352941176	-0.189505263157895	-0.137940740740741	-0.30176511627907	-0.142613157894737	-0.443946153846154	-0.3445	-0.268722222222222
64	-0.166445569620253	-0.244955882352941	-0.167578431372549	-0.181326315789474	-0.0267481481481481	-0.28173023255814	-0.0735105263157895	-0.416794871794872	-0.349032352941176	-0.297661111111111
65	-0.181159493670886	-0.303639705882353	-0.157794117647059	-0.268331578947368	-0.161859259259259	-0.386655813953488	-0.218442105263158	-0.482702564102564	-0.371144117647059	-0.282955555555556
66	-0.130335443037975	-0.238567647058824	-0.118809803921569	-0.177684210526316	-0.147340740740741	-0.27643488372093	-0.0511236842105263	-0.375451282051282	-0.352691176470588	-0.308272222222222
67	-0.209393670886076	-0.265775	-0.0751803921568627	-0.166978947368421	-0.115151851851852	-0.356760465116279	-0.175292105263158	-0.467046153846154	-0.350223529411765	-0.220372222222222
68	-0.204948101265823	-0.317608823529412	-0.0904764705882353	-0.225805263157895	-0.0926888888888889	-0.384793023255814	-0.144097368421053	-0.518894871794872	-0.350811764705882	-0.207472222222222
69	-0.161626582278481	-0.345855882352941	-0.101460784313725	-0.0738631578947369	-0.0644518518518518	-0.223639534883721	-0.188307894736842	-0.369035897435897	-0.385855882352941	-0.297277777777778
70	-0.161949367088608	-0.280597058823529	-0.0990392156862745	-0.235231578947368	-0.0702444444444444	-0.240127906976744	-0.0321078947368421	-0.455920512820513	-0.354379411764706	-0.362555555555556
71	-0.155182278481013	-0.230991176470588	-0.102462745098039	-0.232878947368421	-0.0716703703703704	-0.393032558139535	-0.144960526315789	-0.489092307692308	-0.3539	-0.284155555555556
72	-0.153118987341772	-0.275652941176471	-0.205062745098039	-0.295389473684211	-0.0120444444444444	-0.35916976744186	-0.117578947368421	-0.389587179487179	-0.390626470588235	-0.355388888888889
73	-0.226551898734177	-0.137422058823529	-0.127139215686275	-0.124447368421053	-0.0494851851851852	-0.437093023255814	-0.156907894736842	-0.414874358974359	-0.392155882352941	-0.287861111111111
74	-0.142525316455696	-0.273702941176471	-0.129050980392157	-0.0853473684210526	-0.0853185185185185	-0.350439534883721	-0.046671052631579	-0.507051282051282	-0.306920588235294	-0.2778
75	-0.13343417721519	-0.289204411764706	-0.0706862745098039	-0.144042105263158	-0.223666666666667	-0.357727906976744	-0.133497368421053	-0.453251282051282	-0.362785294117647	-0.215522222222222
76	-0.185193670886076	-0.263083823529412	-0.0957078431372549	-0.076978947368421	-0.081762962962963	-0.32293488372093	-0.249205263157895	-0.375358974358974	-0.351267647058824	-0.329722222222222
77	-0.210272151898734	-0.286248529411765	-0.0917686274509804	-0.0835947368421053	-0.112507407407407	-0.410588372093023	-0.136371052631579	-0.4232	-0.362547058823529	-0.34685
78	-0.089193670886076	-0.271302941176471	-0.0961137254901961	-0.181936842105263	0.0324481481481481	-0.358616279069767	-0.104818421052632	-0.33345641025641	-0.3546	-0.376955555555556
79	-0.215693670886076	-0.303911764705882	-0.0668647058823529	-0.107305263157895	-0.0961925925925926	-0.280146511627907	-0.144768421052632	-0.425741025641026	-0.376961764705882	-0.238361111111111
80	-0.184727848101266	-0.238772058823529	-0.111666666666667	-0.1924	-0.291303703703704	-0.398632558139535	-0.171926315789474	-0.360830769230769	-0.373564705882353	-0.24945
81	-0.183413924050633	-0.2428	-0.0902921568627451	-0.162605263157895	-0.0537185185185185	-0.313944186046512	-0.241736842105263	-0.430666666666667	-0.375897058823529	-0.185927777777778
82	-0.198503797468354	-0.232498529411765	-0.124596078431373	-0.293405263157895	-0.100792592592593	-0.328255813953488	-0.0389368421052632	-0.389202564102564	-0.397073529411765	-0.267866666666667
83	-0.196624050632911	-0.249941176470588	-0.0825509803921569	-0.185757894736842	-0.0182259259259259	-0.265327906976744	-0.162189473684211	-0.406358974358974	-0.401105882352941	-0.321483333333333
84	-0.261693670886076	-0.259626470588235	-0.104878431372549	-0.123163157894737	-0.109211111111111	-0.345274418604651	-0.196144736842105	-0.337115384615385	-0.361770588235294	-0.26135
85	-0.17276835443038	-0.209351470588235	-0.0681882352941176	-0.304763157894737	-0.149122222222222	-0.282790697674419	-0.137781578947368	-0.349587179487179	-0.392067647058824	-0.199311111111111
86	-0.150044303797468	-0.315410294117647	-0.103407843137255	-0.232015789473684	-0.103977777777778	-0.299225581395349	-0.143728947368421	-0.358135897435897	-0.386176470588235	-0.391188888888889
87	-0.0778455696202532	-0.267591176470588	-0.0931294117647059	-0.251515789473684	-0.183340740740741	-0.352053488372093	-0.132668421052632	-0.338825641025641	-0.325297058823529	-0.228188888888889
88	-0.154767088607595	-0.24765	-0.0922666666666667	-0.405136842105263	-0.107092592592593	-0.363158139534884	-0.206168421052632	-0.395066666666667	-0.362908823529412	-0.238005555555556
89	-0.223579746835443	-0.254445588235294	-0.143519607843137	-0.224142105263158	-0.0621888888888889	-0.27593023255814	-0.100457894736842	-0.398871794871795	-0.352805882352941	-0.325461111111111
90	-0.217946835443038	-0.298132352941176	-0.0771470588235294	-0.210184210526316	-0.0857555555555556	-0.426379069767442	-0.153047368421053	-0.505358974358974	-0.379514705882353	-0.401561111111111
91	-0.176255696202532	-0.311789705882353	-0.0757607843137255	-0.126594736842105	-0.114985185185185	-0.400679069767442	-0.208968421052632	-0.408251282051282	-0.361791176470588	-0.318183333333333
92	-0.189281012658228	-0.268597058823529	-0.0705862745098039	-0.109557894736842	-0.0496555555555556	-0.226097674418605	-0.187436842105263	-0.486453846153846	-0.345605882352941	-0.117022222222222
93	-0.0868227848101266	-0.275527941176471	-0.0725254901960784	-0.199621052631579	-0.12127037037037	-0.349395348837209	-0.143747368421053	-0.417041025641026	-0.357944117647059	-0.306733333333333
94	-0.18466835443038	-0.207770588235294	-0.119205882352941	-0.211631578947368	-0.0350185185185185	-0.246079069767442	-0.158989473684211	-0.360533333333333	-0.42045	-0.364455555555556
95	-0.226727848101266	-0.249410294117647	-0.0694372549019608	-0.361421052631579	-0.0782703703703704	-0.34076976744186	-0.282994736842105	-0.476394871794872	-0.376952941176471	-0.232833333333333
96	-0.175453164556962	-0.174388235294118	-0.10036862745098	-0.190636842105263	-0.206396296296296	-0.376809302325581	-0.139044736842105	-0.409653846153846	-0.376011764705882	-0.345177777777778
97	-0.181084810126582	-0.315052941176471	-0.117913725490196	-0.0692789473684211	-0.0471	-0.369246511627907	-0.0736921052631579	-0.407023076923077	-0.3675	-0.336094444444444
98	-0.129262025316456	-0.260063235294118	-0.0507980392156863	-0.0620157894736842	-0.0372703703703704	-0.35083023255814	-0.158426315789474	-0.422046153846154	-0.384955882352941	-0.248666666666667
99	-0.229269620253165	-0.342589705882353	-0.0883078431372549	-0.378105263157895	-0.16722962962963	-0.305127906976744	-0.147963157894737	-0.493771794871795	-0.380814705882353	-0.286966666666667
100	-0.185239240506329	-0.345779411764706	-0.131339215686275	-0.230757894736842	-0.188592592592593	-0.422439534883721	-0.164205263157895	-0.418133333333333	-0.351741176470588	-0.344833333333333
